COMMENT: Maxwell model


ELASTIC

COLUMNS: Energy (eV) | Cross section (m2)
-----------------------------
   1.0000000e-10   6.0000000e-15
   1.0256779e-10   5.9244187e-15
   1.0520152e-10   5.8497895e-15
   1.0790288e-10   5.7761004e-15
   1.1067360e-10   5.7033396e-15
   1.1351547e-10   5.6314953e-15
   1.1643031e-10   5.5605560e-15
   1.1942000e-10   5.4905103e-15
   1.2248646e-10   5.4213470e-15
   1.2563166e-10   5.3530549e-15
   1.2885762e-10   5.2856231e-15
   1.3216642e-10   5.2190408e-15
   1.3556018e-10   5.1532971e-15
   1.3904108e-10   5.0883817e-15
   1.4261137e-10   5.0242839e-15
   1.4627334e-10   4.9609936e-15
   1.5002933e-10   4.8985006e-15
   1.5388178e-10   4.8367947e-15
   1.5783314e-10   4.7758662e-15
   1.6188597e-10   4.7157052e-15
   1.6604287e-10   4.6563020e-15
   1.7030650e-10   4.5976471e-15
   1.7467962e-10   4.5397311e-15
   1.7916503e-10   4.4825446e-15
   1.8376562e-10   4.4260786e-15
   1.8848434e-10   4.3703238e-15
   1.9332423e-10   4.3152713e-15
   1.9828839e-10   4.2609124e-15
   2.0338003e-10   4.2072382e-15
   2.0860241e-10   4.1542401e-15
   2.1395889e-10   4.1019096e-15
   2.1945291e-10   4.0502383e-15
   2.2508801e-10   3.9992180e-15
   2.3086780e-10   3.9488403e-15
   2.3679601e-10   3.8990972e-15
   2.4287644e-10   3.8499807e-15
   2.4911300e-10   3.8014830e-15
   2.5550971e-10   3.7535962e-15
   2.6207067e-10   3.7063126e-15
   2.6880010e-10   3.6596246e-15
   2.7570233e-10   3.6135247e-15
   2.8278180e-10   3.5680056e-15
   2.9004305e-10   3.5230598e-15
   2.9749075e-10   3.4786803e-15
   3.0512970e-10   3.4348597e-15
   3.1296480e-10   3.3915912e-15
   3.2100109e-10   3.3488677e-15
   3.2924373e-10   3.3066825e-15
   3.3769803e-10   3.2650286e-15
   3.4636942e-10   3.2238994e-15
   3.5526347e-10   3.1832883e-15
   3.6438590e-10   3.1431888e-15
   3.7374257e-10   3.1035944e-15
   3.8333951e-10   3.0644988e-15
   3.9318288e-10   3.0258957e-15
   4.0327900e-10   2.9877788e-15
   4.1363437e-10   2.9501421e-15
   4.2425564e-10   2.9129796e-15
   4.3514965e-10   2.8762851e-15
   4.4632339e-10   2.8400529e-15
   4.5778405e-10   2.8042771e-15
   4.6953900e-10   2.7689519e-15
   4.8159579e-10   2.7340718e-15
   4.9396217e-10   2.6996310e-15
   5.0664610e-10   2.6656240e-15
   5.1965572e-10   2.6320455e-15
   5.3299941e-10   2.5988899e-15
   5.4668573e-10   2.5661520e-15
   5.6072349e-10   2.5338265e-15
   5.7512171e-10   2.5019082e-15
   5.8988964e-10   2.4703920e-15
   6.0503679e-10   2.4392727e-15
   6.2057288e-10   2.4085455e-15
   6.3650791e-10   2.3782053e-15
   6.5285211e-10   2.3482474e-15
   6.6961601e-10   2.3186668e-15
   6.8681036e-10   2.2894588e-15
   7.0444623e-10   2.2606188e-15
   7.2253495e-10   2.2321420e-15
   7.4108815e-10   2.2040240e-15
   7.6011776e-10   2.1762602e-15
   7.7963601e-10   2.1488461e-15
   7.9965545e-10   2.1217773e-15
   8.2018895e-10   2.0950495e-15
   8.4124970e-10   2.0686584e-15
   8.6285126e-10   2.0425998e-15
   8.8500749e-10   2.0168694e-15
   9.0773265e-10   1.9914631e-15
   9.3104135e-10   1.9663769e-15
   9.5494856e-10   1.9416067e-15
   9.7946967e-10   1.9171485e-15
   1.0046204e-09   1.8929984e-15
   1.0304170e-09   1.8691525e-15
   1.0568760e-09   1.8456070e-15
   1.0840144e-09   1.8223581e-15
   1.1118496e-09   1.7994021e-15
   1.1403996e-09   1.7767353e-15
   1.1696827e-09   1.7543539e-15
   1.1997177e-09   1.7322546e-15
   1.2305240e-09   1.7104335e-15
   1.2621213e-09   1.6888874e-15
   1.2945300e-09   1.6676127e-15
   1.3277708e-09   1.6466060e-15
   1.3618652e-09   1.6258639e-15
   1.3968351e-09   1.6053831e-15
   1.4327030e-09   1.5851602e-15
   1.4694918e-09   1.5651922e-15
   1.5072253e-09   1.5454756e-15
   1.5459277e-09   1.5260075e-15
   1.5856240e-09   1.5067845e-15
   1.6263395e-09   1.4878037e-15
   1.6681005e-09   1.4690620e-15
   1.7109339e-09   1.4505564e-15
   1.7548671e-09   1.4322840e-15
   1.7999285e-09   1.4142416e-15
   1.8461469e-09   1.3964266e-15
   1.8935522e-09   1.3788360e-15
   1.9421747e-09   1.3614670e-15
   1.9920457e-09   1.3443167e-15
   2.0431973e-09   1.3273825e-15
   2.0956624e-09   1.3106616e-15
   2.1494747e-09   1.2941514e-15
   2.2046687e-09   1.2778491e-15
   2.2612801e-09   1.2617522e-15
   2.3193451e-09   1.2458581e-15
   2.3789010e-09   1.2301641e-15
   2.4399863e-09   1.2146679e-15
   2.5026401e-09   1.1993669e-15
   2.5669027e-09   1.1842586e-15
   2.6328155e-09   1.1693406e-15
   2.7004207e-09   1.1546106e-15
   2.7697619e-09   1.1400661e-15
   2.8408837e-09   1.1257048e-15
   2.9138317e-09   1.1115244e-15
   2.9886529e-09   1.0975227e-15
   3.0653953e-09   1.0836973e-15
   3.1441083e-09   1.0700461e-15
   3.2248425e-09   1.0565669e-15
   3.3076498e-09   1.0432574e-15
   3.3925834e-09   1.0301156e-15
   3.4796979e-09   1.0171394e-15
   3.5690493e-09   1.0043266e-15
   3.6606951e-09   9.9167524e-16
   3.7546942e-09   9.7918322e-16
   3.8511070e-09   9.6684857e-16
   3.9499955e-09   9.5466929e-16
   4.0514232e-09   9.4264343e-16
   4.1554553e-09   9.3076907e-16
   4.2621588e-09   9.1904428e-16
   4.3716022e-09   9.0746719e-16
   4.4838559e-09   8.9603593e-16
   4.5989921e-09   8.8474867e-16
   4.7170847e-09   8.7360360e-16
   4.8382097e-09   8.6259892e-16
   4.9624449e-09   8.5173286e-16
   5.0898702e-09   8.4100368e-16
   5.2205675e-09   8.3040966e-16
   5.3546209e-09   8.1994909e-16
   5.4921165e-09   8.0962028e-16
   5.6331427e-09   7.9942159e-16
   5.7777901e-09   7.8935137e-16
   5.9261518e-09   7.7940801e-16
   6.0783231e-09   7.6958990e-16
   6.2344019e-09   7.5989547e-16
   6.3944884e-09   7.5032315e-16
   6.5586857e-09   7.4087142e-16
   6.7270991e-09   7.3153875e-16
   6.8998371e-09   7.2232364e-16
   7.0770107e-09   7.1322462e-16
   7.2587337e-09   7.0424021e-16
   7.4451229e-09   6.9536898e-16
   7.6362983e-09   6.8660950e-16
   7.8323826e-09   6.7796036e-16
   8.0335020e-09   6.6942018e-16
   8.2397857e-09   6.6098757e-16
   8.4513663e-09   6.5266119e-16
   8.6683799e-09   6.4443969e-16
   8.8909660e-09   6.3632176e-16
   9.1192676e-09   6.2830609e-16
   9.3534315e-09   6.2039139e-16
   9.5936083e-09   6.1257640e-16
   9.8399523e-09   6.0485985e-16
   1.0092622e-08   5.9724050e-16
   1.0351780e-08   5.8971713e-16
   1.0617592e-08   5.8228853e-16
   1.0890230e-08   5.7495351e-16
   1.1169868e-08   5.6771089e-16
   1.1456687e-08   5.6055950e-16
   1.1750871e-08   5.5349820e-16
   1.2052609e-08   5.4652585e-16
   1.2362095e-08   5.3964133e-16
   1.2679528e-08   5.3284353e-16
   1.3005113e-08   5.2613137e-16
   1.3339057e-08   5.1950375e-16
   1.3681576e-08   5.1295962e-16
   1.4032891e-08   5.0649793e-16
   1.4393226e-08   5.0011764e-16
   1.4762815e-08   4.9381772e-16
   1.5141893e-08   4.8759715e-16
   1.5530706e-08   4.8145495e-16
   1.5929502e-08   4.7539012e-16
   1.6338539e-08   4.6940168e-16
   1.6758079e-08   4.6348869e-16
   1.7188391e-08   4.5765017e-16
   1.7629754e-08   4.5188521e-16
   1.8082449e-08   4.4619287e-16
   1.8546769e-08   4.4057223e-16
   1.9023012e-08   4.3502239e-16
   1.9511483e-08   4.2954247e-16
   2.0012498e-08   4.2413157e-16
   2.0526378e-08   4.1878883e-16
   2.1053452e-08   4.1351340e-16
   2.1594062e-08   4.0830442e-16
   2.2148552e-08   4.0316106e-16
   2.2717281e-08   3.9808249e-16
   2.3300614e-08   3.9306789e-16
   2.3898926e-08   3.8811646e-16
   2.4512601e-08   3.8322740e-16
   2.5142033e-08   3.7839993e-16
   2.5787629e-08   3.7363327e-16
   2.6449802e-08   3.6892666e-16
   2.7128978e-08   3.6427933e-16
   2.7825594e-08   3.5969055e-16
   2.8540098e-08   3.5515957e-16
   2.9272948e-08   3.5068567e-16
   3.0024617e-08   3.4626812e-16
   3.0795587e-08   3.4190622e-16
   3.1586354e-08   3.3759927e-16
   3.2397426e-08   3.3334657e-16
   3.3229325e-08   3.2914745e-16
   3.4082585e-08   3.2500121e-16
   3.4957756e-08   3.2090721e-16
   3.5855399e-08   3.1686478e-16
   3.6776091e-08   3.1287327e-16
   3.7720425e-08   3.0893205e-16
   3.8689007e-08   3.0504047e-16
   3.9682461e-08   3.0119791e-16
   4.0701425e-08   2.9740375e-16
   4.1746553e-08   2.9365739e-16
   4.2818518e-08   2.8995823e-16
   4.3918009e-08   2.8630566e-16
   4.5045733e-08   2.8269910e-16
   4.6202414e-08   2.7913797e-16
   4.7388796e-08   2.7562170e-16
   4.8605642e-08   2.7214973e-16
   4.9853735e-08   2.6872149e-16
   5.1133875e-08   2.6533644e-16
   5.2446887e-08   2.6199403e-16
   5.3793615e-08   2.5869372e-16
   5.5174924e-08   2.5543499e-16
   5.6591702e-08   2.5221730e-16
   5.8044859e-08   2.4904015e-16
   5.9535331e-08   2.4590302e-16
   6.1064075e-08   2.4280541e-16
   6.2632075e-08   2.3974682e-16
   6.4240337e-08   2.3672676e-16
   6.5889896e-08   2.3374474e-16
   6.7581812e-08   2.3080028e-16
   6.9317173e-08   2.2789292e-16
   7.1097094e-08   2.2502218e-16
   7.2922721e-08   2.2218760e-16
   7.4795225e-08   2.1938873e-16
   7.6715812e-08   2.1662512e-16
   7.8685715e-08   2.1389631e-16
   8.0706201e-08   2.1120189e-16
   8.2778570e-08   2.0854140e-16
   8.4904152e-08   2.0591443e-16
   8.7084315e-08   2.0332055e-16
   8.9320460e-08   2.0075935e-16
   9.1614025e-08   1.9823041e-16
   9.3966483e-08   1.9573332e-16
   9.6379348e-08   1.9326769e-16
   9.8854170e-08   1.9083312e-16
   1.0139254e-07   1.8842922e-16
   1.0399609e-07   1.8605560e-16
   1.0666650e-07   1.8371188e-16
   1.0940547e-07   1.8139768e-16
   1.1221478e-07   1.7911264e-16
   1.1509622e-07   1.7685638e-16
   1.1805165e-07   1.7462854e-16
   1.2108298e-07   1.7242876e-16
   1.2419214e-07   1.7025670e-16
   1.2738113e-07   1.6811199e-16
   1.3065202e-07   1.6599431e-16
   1.3400689e-07   1.6390330e-16
   1.3744791e-07   1.6183863e-16
   1.4097729e-07   1.5979996e-16
   1.4459729e-07   1.5778698e-16
   1.4831025e-07   1.5579936e-16
   1.5211855e-07   1.5383677e-16
   1.5602464e-07   1.5189891e-16
   1.6003103e-07   1.4998546e-16
   1.6414030e-07   1.4809611e-16
   1.6835508e-07   1.4623056e-16
   1.7267809e-07   1.4438851e-16
   1.7711211e-07   1.4256966e-16
   1.8165998e-07   1.4077373e-16
   1.8632463e-07   1.3900042e-16
   1.9110906e-07   1.3724945e-16
   1.9601635e-07   1.3552053e-16
   2.0104964e-07   1.3381340e-16
   2.0621218e-07   1.3212777e-16
   2.1150728e-07   1.3046337e-16
   2.1693835e-07   1.2881994e-16
   2.2250888e-07   1.2719721e-16
   2.2822245e-07   1.2559492e-16
   2.3408273e-07   1.2401281e-16
   2.4009349e-07   1.2245064e-16
   2.4625859e-07   1.2090814e-16
   2.5258200e-07   1.1938508e-16
   2.5906779e-07   1.1788120e-16
   2.6572011e-07   1.1639626e-16
   2.7254325e-07   1.1493003e-16
   2.7954160e-07   1.1348227e-16
   2.8671965e-07   1.1205275e-16
   2.9408202e-07   1.1064124e-16
   3.0163343e-07   1.0924750e-16
   3.0937876e-07   1.0787132e-16
   3.1732296e-07   1.0651248e-16
   3.2547116e-07   1.0517076e-16
   3.3382859e-07   1.0384593e-16
   3.4240061e-07   1.0253780e-16
   3.5119275e-07   1.0124614e-16
   3.6021066e-07   9.9970755e-17
   3.6946012e-07   9.8711435e-17
   3.7894709e-07   9.7467979e-17
   3.8867767e-07   9.6240186e-17
   3.9865811e-07   9.5027860e-17
   4.0889482e-07   9.3830805e-17
   4.1939440e-07   9.2648830e-17
   4.3016358e-07   9.1481744e-17
   4.4120929e-07   9.0329359e-17
   4.5253863e-07   8.9191491e-17
   4.6415888e-07   8.8067956e-17
   4.7607752e-07   8.6958574e-17
   4.8830221e-07   8.5863168e-17
   5.0084080e-07   8.4781559e-17
   5.1370135e-07   8.3713576e-17
   5.2689214e-07   8.2659046e-17
   5.4042164e-07   8.1617800e-17
   5.5429855e-07   8.0589670e-17
   5.6853179e-07   7.9574492e-17
   5.8313051e-07   7.8572101e-17
   5.9810410e-07   7.7582338e-17
   6.1346217e-07   7.6605042e-17
   6.2921461e-07   7.5640058e-17
   6.4537154e-07   7.4687229e-17
   6.6194335e-07   7.3746403e-17
   6.7894068e-07   7.2817428e-17
   6.9637447e-07   7.1900155e-17
   7.1425593e-07   7.0994438e-17
   7.3259654e-07   7.0100129e-17
   7.5140811e-07   6.9217086e-17
   7.7070271e-07   6.8345167e-17
   7.9049276e-07   6.7484231e-17
   8.1079098e-07   6.6634140e-17
   8.3161042e-07   6.5794757e-17
   8.5296445e-07   6.4965949e-17
   8.7486681e-07   6.4147580e-17
   8.9733158e-07   6.3339521e-17
   9.2037320e-07   6.2541640e-17
   9.4400648e-07   6.1753811e-17
   9.6824661e-07   6.0975905e-17
   9.9310918e-07   6.0207799e-17
   1.0186102e-06   5.9449369e-17
   1.0447660e-06   5.8700492e-17
   1.0715934e-06   5.7961049e-17
   1.0991097e-06   5.7230920e-17
   1.1273326e-06   5.6509989e-17
   1.1562801e-06   5.5798140e-17
   1.1859710e-06   5.5095257e-17
   1.2164243e-06   5.4401229e-17
   1.2476596e-06   5.3715943e-17
   1.2796969e-06   5.3039289e-17
   1.3125568e-06   5.2371160e-17
   1.3462606e-06   5.1711446e-17
   1.3808298e-06   5.1060043e-17
   1.4162866e-06   5.0416846e-17
   1.4526539e-06   4.9781751e-17
   1.4899551e-06   4.9154656e-17
   1.5282140e-06   4.8535461e-17
   1.5674554e-06   4.7924065e-17
   1.6077044e-06   4.7320372e-17
   1.6489869e-06   4.6724283e-17
   1.6913295e-06   4.6135702e-17
   1.7347594e-06   4.5554536e-17
   1.7793044e-06   4.4980691e-17
   1.8249932e-06   4.4414075e-17
   1.8718553e-06   4.3854596e-17
   1.9199207e-06   4.3302165e-17
   1.9692203e-06   4.2756693e-17
   2.0197858e-06   4.2218092e-17
   2.0716497e-06   4.1686275e-17
   2.1248454e-06   4.1161158e-17
   2.1794070e-06   4.0642656e-17
   2.2353696e-06   4.0130685e-17
   2.2927693e-06   3.9625164e-17
   2.3516429e-06   3.9126010e-17
   2.4120282e-06   3.8633145e-17
   2.4739641e-06   3.8146487e-17
   2.5374904e-06   3.7665961e-17
   2.6026479e-06   3.7191487e-17
   2.6694785e-06   3.6722990e-17
   2.7380252e-06   3.6260395e-17
   2.8083320e-06   3.5803627e-17
   2.8804442e-06   3.5352613e-17
   2.9544080e-06   3.4907280e-17
   3.0302711e-06   3.4467558e-17
   3.1080822e-06   3.4033374e-17
   3.1878913e-06   3.3604659e-17
   3.2697497e-06   3.3181346e-17
   3.3537102e-06   3.2763364e-17
   3.4398265e-06   3.2350648e-17
   3.5281541e-06   3.1943131e-17
   3.6187498e-06   3.1540747e-17
   3.7116718e-06   3.1143432e-17
   3.8069799e-06   3.0751122e-17
   3.9047352e-06   3.0363753e-17
   4.0050008e-06   2.9981265e-17
   4.1078409e-06   2.9603594e-17
   4.2133217e-06   2.9230681e-17
   4.3215111e-06   2.8862466e-17
   4.4324786e-06   2.8498889e-17
   4.5462955e-06   2.8139892e-17
   4.6630349e-06   2.7785417e-17
   4.7827720e-06   2.7435407e-17
   4.9055837e-06   2.7089807e-17
   5.0315489e-06   2.6748560e-17
   5.1607487e-06   2.6411611e-17
   5.2932661e-06   2.6078907e-17
   5.4291862e-06   2.5750394e-17
   5.5685964e-06   2.5426020e-17
   5.7115865e-06   2.5105731e-17
   5.8582482e-06   2.4789477e-17
   6.0086759e-06   2.4477207e-17
   6.1629663e-06   2.4168871e-17
   6.3212185e-06   2.3864418e-17
   6.4835343e-06   2.3563801e-17
   6.6500180e-06   2.3266970e-17
   6.8207767e-06   2.2973879e-17
   6.9959202e-06   2.2684480e-17
   7.1755609e-06   2.2398726e-17
   7.3598145e-06   2.2116572e-17
   7.5487993e-06   2.1837972e-17
   7.7426368e-06   2.1562882e-17
   7.9414517e-06   2.1291257e-17
   8.1453718e-06   2.1023053e-17
   8.3545281e-06   2.0758229e-17
   8.5690551e-06   2.0496740e-17
   8.7890907e-06   2.0238545e-17
   9.0147763e-06   1.9983602e-17
   9.2462571e-06   1.9731871e-17
   9.4836819e-06   1.9483311e-17
   9.7272032e-06   1.9237882e-17
   9.9769776e-06   1.8995545e-17
   1.0233166e-05   1.8756260e-17
   1.0495932e-05   1.8519990e-17
   1.0765446e-05   1.8286696e-17
   1.1041881e-05   1.8056340e-17
   1.1325413e-05   1.7828887e-17
   1.1616226e-05   1.7604298e-17
   1.1914507e-05   1.7382539e-17
   1.2220447e-05   1.7163573e-17
   1.2534243e-05   1.6947366e-17
   1.2856096e-05   1.6733882e-17
   1.3186214e-05   1.6523087e-17
   1.3524809e-05   1.6314948e-17
   1.3872098e-05   1.6109430e-17
   1.4228305e-05   1.5906502e-17
   1.4593658e-05   1.5706129e-17
   1.4968393e-05   1.5508281e-17
   1.5352750e-05   1.5312925e-17
   1.5746977e-05   1.5120030e-17
   1.6151327e-05   1.4929565e-17
   1.6566060e-05   1.4741499e-17
   1.6991442e-05   1.4555802e-17
   1.7427747e-05   1.4372444e-17
   1.7875255e-05   1.4191396e-17
   1.8334255e-05   1.4012629e-17
   1.8805041e-05   1.3836113e-17
   1.9287915e-05   1.3661822e-17
   1.9783189e-05   1.3489725e-17
   2.0291180e-05   1.3319797e-17
   2.0812216e-05   1.3152009e-17
   2.1346630e-05   1.2986335e-17
   2.1894768e-05   1.2822747e-17
   2.2456980e-05   1.2661221e-17
   2.3033629e-05   1.2501729e-17
   2.3625085e-05   1.2344246e-17
   2.4231728e-05   1.2188747e-17
   2.4853949e-05   1.2035207e-17
   2.5492147e-05   1.1883601e-17
   2.6146732e-05   1.1733904e-17
   2.6818126e-05   1.1586094e-17
   2.7506760e-05   1.1440145e-17
   2.8213077e-05   1.1296035e-17
   2.8937530e-05   1.1153740e-17
   2.9680586e-05   1.1013238e-17
   3.0442722e-05   1.0874505e-17
   3.1224428e-05   1.0737520e-17
   3.2026207e-05   1.0602261e-17
   3.2848574e-05   1.0468706e-17
   3.3692057e-05   1.0336833e-17
   3.4557199e-05   1.0206621e-17
   3.5444557e-05   1.0078049e-17
   3.6354700e-05   9.9510972e-18
   3.7288213e-05   9.8257444e-18
   3.8245697e-05   9.7019707e-18
   3.9227768e-05   9.5797561e-18
   4.0235055e-05   9.4590811e-18
   4.1268208e-05   9.3399262e-18
   4.2327891e-05   9.2222722e-18
   4.3414783e-05   9.1061003e-18
   4.4529585e-05   8.9913919e-18
   4.5673013e-05   8.8781284e-18
   4.6845801e-05   8.7662916e-18
   4.8048704e-05   8.6558637e-18
   4.9282496e-05   8.5468268e-18
   5.0547968e-05   8.4391635e-18
   5.1845935e-05   8.3328563e-18
   5.3177232e-05   8.2278883e-18
   5.4542713e-05   8.1242426e-18
   5.5943257e-05   8.0219025e-18
   5.7379764e-05   7.9208515e-18
   5.8853158e-05   7.8210735e-18
   6.0364385e-05   7.7225523e-18
   6.1914418e-05   7.6252723e-18
   6.3504252e-05   7.5292176e-18
   6.5134909e-05   7.4343729e-18
   6.6807439e-05   7.3407230e-18
   6.8522916e-05   7.2482528e-18
   7.0282443e-05   7.1569474e-18
   7.2087150e-05   7.0667922e-18
   7.3938199e-05   6.9777727e-18
   7.5836779e-05   6.8898745e-18
   7.7784111e-05   6.8030836e-18
   7.9781446e-05   6.7173859e-18
   8.1830068e-05   6.6327678e-18
   8.3931295e-05   6.5492156e-18
   8.6086477e-05   6.4667159e-18
   8.8297000e-05   6.3852555e-18
   9.0564284e-05   6.3048212e-18
   9.2889787e-05   6.2254001e-18
   9.5275005e-05   6.1469794e-18
   9.7721470e-05   6.0695467e-18
   1.0023075e-04   5.9930893e-18
   1.0280447e-04   5.9175951e-18
   1.0544428e-04   5.8430518e-18
   1.0815187e-04   5.7694476e-18
   1.1092899e-04   5.6967706e-18
   1.1377741e-04   5.6250090e-18
   1.1669898e-04   5.5541514e-18
   1.1969557e-04   5.4841864e-18
   1.2276910e-04   5.4151028e-18
   1.2592156e-04   5.3468894e-18
   1.2915497e-04   5.2795353e-18
   1.3247140e-04   5.2130296e-18
   1.3587299e-04   5.1473617e-18
   1.3936193e-04   5.0825210e-18
   1.4294045e-04   5.0184970e-18
   1.4661087e-04   4.9552796e-18
   1.5037553e-04   4.8928586e-18
   1.5423686e-04   4.8312238e-18
   1.5819735e-04   4.7703654e-18
   1.6225953e-04   4.7102737e-18
   1.6642602e-04   4.6509390e-18
   1.7069949e-04   4.5923516e-18
   1.7508270e-04   4.5345023e-18
   1.7957846e-04   4.4773817e-18
   1.8418967e-04   4.4209807e-18
   1.8891928e-04   4.3652901e-18
   1.9377033e-04   4.3103011e-18
   1.9874595e-04   4.2560047e-18
   2.0384934e-04   4.2023923e-18
   2.0908377e-04   4.1494553e-18
   2.1445261e-04   4.0971851e-18
   2.1995931e-04   4.0455733e-18
   2.2560741e-04   3.9946117e-18
   2.3140054e-04   3.9442921e-18
   2.3734243e-04   3.8946063e-18
   2.4343689e-04   3.8455464e-18
   2.4968784e-04   3.7971045e-18
   2.5609931e-04   3.7492728e-18
   2.6267541e-04   3.7020437e-18
   2.6942037e-04   3.6554095e-18
   2.7633853e-04   3.6093627e-18
   2.8343433e-04   3.5638960e-18
   2.9071234e-04   3.5190020e-18
   2.9817723e-04   3.4746736e-18
   3.0583380e-04   3.4309035e-18
   3.1368698e-04   3.3876849e-18
   3.2174182e-04   3.3450106e-18
   3.3000348e-04   3.3028739e-18
   3.3847729e-04   3.2612680e-18
   3.4716868e-04   3.2201862e-18
   3.5608326e-04   3.1796219e-18
   3.6522674e-04   3.1395685e-18
   3.7460500e-04   3.1000198e-18
   3.8422408e-04   3.0609692e-18
   3.9409016e-04   3.0224105e-18
   4.0420958e-04   2.9843376e-18
   4.1458885e-04   2.9467442e-18
   4.2523463e-04   2.9096244e-18
   4.3615378e-04   2.8729722e-18
   4.4735331e-04   2.8367818e-18
   4.5884041e-04   2.8010472e-18
   4.7062248e-04   2.7657627e-18
   4.8270710e-04   2.7309227e-18
   4.9510202e-04   2.6965216e-18
   5.0781521e-04   2.6625538e-18
   5.2085486e-04   2.6290140e-18
   5.3422933e-04   2.5958966e-18
   5.4794723e-04   2.5631964e-18
   5.6201738e-04   2.5309081e-18
   5.7644883e-04   2.4990265e-18
   5.9125084e-04   2.4675466e-18
   6.0643294e-04   2.4364632e-18
   6.2200488e-04   2.4057714e-18
   6.3797668e-04   2.3754662e-18
   6.5435860e-04   2.3455427e-18
   6.7116118e-04   2.3159962e-18
   6.8839521e-04   2.2868218e-18
   7.0607177e-04   2.2580150e-18
   7.2420223e-04   2.2295711e-18
   7.4279825e-04   2.2014854e-18
   7.6187177e-04   2.1737536e-18
   7.8143506e-04   2.1463711e-18
   8.0150070e-04   2.1193335e-18
   8.2208158e-04   2.0926365e-18
   8.4319093e-04   2.0662758e-18
   8.6484233e-04   2.0402472e-18
   8.8704969e-04   2.0145464e-18
   9.0982729e-04   1.9891694e-18
   9.3318977e-04   1.9641121e-18
   9.5715215e-04   1.9393704e-18
   9.8172984e-04   1.9149404e-18
   1.0069386e-03   1.8908181e-18
   1.0327947e-03   1.8669997e-18
   1.0593148e-03   1.8434813e-18
   1.0865158e-03   1.8202592e-18
   1.1144153e-03   1.7973296e-18
   1.1430311e-03   1.7746889e-18
   1.1723818e-03   1.7523333e-18
   1.2024861e-03   1.7302594e-18
   1.2333635e-03   1.7084635e-18
   1.2650337e-03   1.6869422e-18
   1.2975172e-03   1.6656920e-18
   1.3308347e-03   1.6447095e-18
   1.3650078e-03   1.6239912e-18
   1.4000584e-03   1.6035340e-18
   1.4360090e-03   1.5833345e-18
   1.4728827e-03   1.5633894e-18
   1.5107033e-03   1.5436956e-18
   1.5494950e-03   1.5242498e-18
   1.5892829e-03   1.5050490e-18
   1.6300924e-03   1.4860901e-18
   1.6719498e-03   1.4673700e-18
   1.7148820e-03   1.4488857e-18
   1.7589166e-03   1.4306343e-18
   1.8040819e-03   1.4126128e-18
   1.8504070e-03   1.3948182e-18
   1.8979216e-03   1.3772479e-18
   1.9466563e-03   1.3598988e-18
   1.9966425e-03   1.3427684e-18
   2.0479121e-03   1.3258537e-18
   2.1004982e-03   1.3091520e-18
   2.1544347e-03   1.2926608e-18
   2.2097561e-03   1.2763773e-18
   2.2664981e-03   1.2602989e-18
   2.3246971e-03   1.2444231e-18
   2.3843905e-03   1.2287473e-18
   2.4456167e-03   1.2132689e-18
   2.5084151e-03   1.1979855e-18
   2.5728260e-03   1.1828946e-18
   2.6388908e-03   1.1679938e-18
   2.7066521e-03   1.1532807e-18
   2.7761533e-03   1.1387530e-18
   2.8474392e-03   1.1244082e-18
   2.9205555e-03   1.1102442e-18
   2.9955493e-03   1.0962586e-18
   3.0724688e-03   1.0824492e-18
   3.1513635e-03   1.0688137e-18
   3.2322840e-03   1.0553500e-18
   3.3152823e-03   1.0420558e-18
   3.4004119e-03   1.0289292e-18
   3.4877275e-03   1.0159679e-18
   3.5772851e-03   1.0031699e-18
   3.6691424e-03   9.9053304e-19
   3.7633584e-03   9.7805542e-19
   3.8599936e-03   9.6573497e-19
   3.9591103e-03   9.5356972e-19
   4.0607720e-03   9.4155771e-19
   4.1650442e-03   9.2969702e-19
   4.2719940e-03   9.1798574e-19
   4.3816899e-03   9.0642198e-19
   4.4942027e-03   8.9500389e-19
   4.6096045e-03   8.8372963e-19
   4.7279696e-03   8.7259740e-19
   4.8493741e-03   8.6160539e-19
   4.9738960e-03   8.5075185e-19
   5.1016153e-03   8.4003503e-19
   5.2326142e-03   8.2945321e-19
   5.3669769e-03   8.1900468e-19
   5.5047898e-03   8.0868778e-19
   5.6461414e-03   7.9850083e-19
   5.7911226e-03   7.8844221e-19
   5.9398267e-03   7.7851030e-19
   6.0923492e-03   7.6870350e-19
   6.2487881e-03   7.5902023e-19
   6.4092440e-03   7.4945894e-19
   6.5738201e-03   7.4001810e-19
   6.7426222e-03   7.3069618e-19
   6.9157588e-03   7.2149169e-19
   7.0933412e-03   7.1240314e-19
   7.2754835e-03   7.0342908e-19
   7.4623029e-03   6.9456807e-19
   7.6539194e-03   6.8581868e-19
   7.8504562e-03   6.7717950e-19
   8.0520397e-03   6.6864915e-19
   8.2587994e-03   6.6022626e-19
   8.4708683e-03   6.5190946e-19
   8.6883826e-03   6.4369744e-19
   8.9114823e-03   6.3558886e-19
   9.1403107e-03   6.2758242e-19
   9.3750150e-03   6.1967684e-19
   9.6157460e-03   6.1187084e-19
   9.8626585e-03   6.0416318e-19
   1.0115911e-02   5.9655261e-19
   1.0375667e-02   5.8903790e-19
   1.0642092e-02   5.8161786e-19
   1.0915359e-02   5.7429129e-19
   1.1195643e-02   5.6705701e-19
   1.1483124e-02   5.5991386e-19
   1.1777987e-02   5.5286069e-19
   1.2080421e-02   5.4589637e-19
   1.2390622e-02   5.3901978e-19
   1.2708787e-02   5.3222981e-19
   1.3035122e-02   5.2552538e-19
   1.3369837e-02   5.1890540e-19
   1.3713147e-02   5.1236881e-19
   1.4065272e-02   5.0591456e-19
   1.4426440e-02   4.9954161e-19
   1.4796881e-02   4.9324895e-19
   1.5176834e-02   4.8703555e-19
   1.5566544e-02   4.8090042e-19
   1.5966260e-02   4.7484257e-19
   1.6376241e-02   4.6886104e-19
   1.6796749e-02   4.6295485e-19
   1.7228054e-02   4.5712306e-19
   1.7670435e-02   4.5136474e-19
   1.8124175e-02   4.4567895e-19
   1.8589567e-02   4.4006478e-19
   1.9066908e-02   4.3452134e-19
   1.9556507e-02   4.2904773e-19
   2.0058678e-02   4.2364306e-19
   2.0573743e-02   4.1830648e-19
   2.1102034e-02   4.1303712e-19
   2.1643891e-02   4.0783414e-19
   2.2199661e-02   4.0269671e-19
   2.2769703e-02   3.9762398e-19
   2.3354381e-02   3.9261516e-19
   2.3954074e-02   3.8766943e-19
   2.4569165e-02   3.8278601e-19
   2.5200050e-02   3.7796410e-19
   2.5847135e-02   3.7320293e-19
   2.6510836e-02   3.6850174e-19
   2.7191579e-02   3.6385976e-19
   2.7889803e-02   3.5927627e-19
   2.8605955e-02   3.5475050e-19
   2.9340497e-02   3.5028175e-19
   3.0093900e-02   3.4586930e-19
   3.0866649e-02   3.4151242e-19
   3.1659241e-02   3.3721043e-19
   3.2472185e-02   3.3296263e-19
   3.3306003e-02   3.2876834e-19
   3.4161233e-02   3.2462688e-19
   3.5038422e-02   3.2053760e-19
   3.5938137e-02   3.1649982e-19
   3.6860954e-02   3.1251291e-19
   3.7807467e-02   3.0857622e-19
   3.8778284e-02   3.0468913e-19
   3.9774030e-02   3.0085099e-19
   4.0795345e-02   2.9706121e-19
   4.1842885e-02   2.9331916e-19
   4.2917324e-02   2.8962426e-19
   4.4019352e-02   2.8597590e-19
   4.5149678e-02   2.8237349e-19
   4.6309028e-02   2.7881647e-19
   4.7498148e-02   2.7530425e-19
   4.8717802e-02   2.7183627e-19
   4.9968775e-02   2.6841198e-19
   5.1251869e-02   2.6503083e-19
   5.2567911e-02   2.6169227e-19
   5.3917746e-02   2.5839576e-19
   5.5302243e-02   2.5514078e-19
   5.6722290e-02   2.5192680e-19
   5.8178801e-02   2.4875331e-19
   5.9672712e-02   2.4561979e-19
   6.1204984e-02   2.4252575e-19
   6.2776601e-02   2.3947068e-19
   6.4388574e-02   2.3645410e-19
   6.6041940e-02   2.3347551e-19
   6.7737760e-02   2.3053445e-19
   6.9477125e-02   2.2763044e-19
   7.1261154e-02   2.2476300e-19
   7.3090993e-02   2.2193169e-19
   7.4967819e-02   2.1913604e-19
   7.6892837e-02   2.1637561e-19
   7.8867286e-02   2.1364995e-19
   8.0892435e-02   2.1095863e-19
   8.2969585e-02   2.0830121e-19
   8.5100072e-02   2.0567726e-19
   8.7285266e-02   2.0308637e-19
   8.9526571e-02   2.0052812e-19
   9.1825428e-02   1.9800209e-19
   9.4183315e-02   1.9550788e-19
   9.6601748e-02   1.9304509e-19
   9.9082281e-02   1.9061332e-19
   1.0162651e-01   1.8821219e-19
   1.0423607e-01   1.8584130e-19
   1.0691263e-01   1.8350028e-19
   1.0965793e-01   1.8118875e-19
   1.1247372e-01   1.7890634e-19
   1.1536181e-01   1.7665268e-19
   1.1832406e-01   1.7442740e-19
   1.2136238e-01   1.7223016e-19
   1.2447871e-01   1.7006060e-19
   1.2767507e-01   1.6791837e-19
   1.3095350e-01   1.6580312e-19
   1.3431612e-01   1.6371452e-19
   1.3776508e-01   1.6165222e-19
   1.4130260e-01   1.5961591e-19
   1.4493096e-01   1.5760525e-19
   1.4865248e-01   1.5561991e-19
   1.5246957e-01   1.5365959e-19
   1.5638468e-01   1.5172395e-19
   1.6040031e-01   1.4981271e-19
   1.6451906e-01   1.4792553e-19
   1.6874357e-01   1.4606213e-19
   1.7307655e-01   1.4422221e-19
   1.7752080e-01   1.4240546e-19
   1.8207917e-01   1.4061159e-19
   1.8675458e-01   1.3884032e-19
   1.9155006e-01   1.3709137e-19
   1.9646866e-01   1.3536444e-19
   2.0151357e-01   1.3365927e-19
   2.0668802e-01   1.3197558e-19
   2.1199535e-01   1.3031310e-19
   2.1743895e-01   1.2867156e-19
   2.2302233e-01   1.2705070e-19
   2.2874908e-01   1.2545026e-19
   2.3462288e-01   1.2386998e-19
   2.4064752e-01   1.2230960e-19
   2.4682685e-01   1.2076888e-19
   2.5316485e-01   1.1924757e-19
   2.5966560e-01   1.1774543e-19
   2.6633327e-01   1.1626220e-19
   2.7317216e-01   1.1479766e-19
   2.8018666e-01   1.1335157e-19
   2.8738127e-01   1.1192369e-19
   2.9476063e-01   1.1051380e-19
   3.0232947e-01   1.0912167e-19
   3.1009266e-01   1.0774708e-19
   3.1805520e-01   1.0638980e-19
   3.2622220e-01   1.0504962e-19
   3.3459891e-01   1.0372632e-19
   3.4319072e-01   1.0241970e-19
   3.5200315e-01   1.0112953e-19
   3.6104186e-01   9.9855611e-20
   3.7031267e-01   9.8597741e-20
   3.7982153e-01   9.7355717e-20
   3.8957456e-01   9.6129339e-20
   3.9957803e-01   9.4918409e-20
   4.0983837e-01   9.3722733e-20
   4.2036217e-01   9.2542119e-20
   4.3115620e-01   9.1376377e-20
   4.4222740e-01   9.0225319e-20
   4.5358288e-01   8.9088762e-20
   4.6522995e-01   8.7966521e-20
   4.7717609e-01   8.6858417e-20
   4.8942899e-01   8.5764272e-20
   5.0199651e-01   8.4683910e-20
   5.1488675e-01   8.3617156e-20
   5.2810797e-01   8.2563841e-20
   5.4166869e-01   8.1523794e-20
   5.5557762e-01   8.0496849e-20
   5.6984371e-01   7.9482839e-20
   5.8447611e-01   7.8481603e-20
   5.9948425e-01   7.7492980e-20
   6.1487777e-01   7.6516810e-20
   6.3066655e-01   7.5552937e-20
   6.4686077e-01   7.4601205e-20
   6.6347081e-01   7.3661463e-20
   6.8050737e-01   7.2733558e-20
   6.9798139e-01   7.1817342e-20
   7.1590411e-01   7.0912668e-20
   7.3428704e-01   7.0019389e-20
   7.5314202e-01   6.9137363e-20
   7.7248115e-01   6.8266448e-20
   7.9231686e-01   6.7406504e-20
   8.1266192e-01   6.6557392e-20
   8.3352940e-01   6.5718976e-20
   8.5493271e-01   6.4891122e-20
   8.7688561e-01   6.4073696e-20
   8.9940222e-01   6.3266568e-20
   9.2249701e-01   6.2469606e-20
   9.4618482e-01   6.1682684e-20
   9.7048089e-01   6.0905674e-20
   9.9540083e-01   6.0138453e-20
   1.0209607e+00   5.9380896e-20
   1.0471768e+00   5.8632882e-20
   1.0740662e+00   5.7894290e-20
   1.1016459e+00   5.7165003e-20
   1.1299339e+00   5.6444902e-20
   1.1589483e+00   5.5733872e-20
   1.1887077e+00   5.5031799e-20
   1.2192313e+00   5.4338570e-20
   1.2505386e+00   5.3654074e-20
   1.2826498e+00   5.2978200e-20
   1.3155856e+00   5.2310840e-20
   1.3493671e+00   5.1651886e-20
   1.3840161e+00   5.1001233e-20
   1.4195548e+00   5.0358777e-20
   1.4560060e+00   4.9724413e-20
   1.4933932e+00   4.9098041e-20
   1.5317405e+00   4.8479559e-20
   1.5710724e+00   4.7868867e-20
   1.6114143e+00   4.7265869e-20
   1.6527921e+00   4.6670466e-20
   1.6952323e+00   4.6082564e-20
   1.7387624e+00   4.5502067e-20
   1.7834102e+00   4.4928883e-20
   1.8292045e+00   4.4362920e-20
   1.8761747e+00   4.3804085e-20
   1.9243510e+00   4.3252290e-20
   1.9737643e+00   4.2707446e-20
   2.0244465e+00   4.2169466e-20
   2.0764301e+00   4.1638262e-20
   2.1297485e+00   4.1113750e-20
   2.1844361e+00   4.0595845e-20
   2.2405279e+00   4.0084463e-20
   2.2980600e+00   3.9579524e-20
   2.3570694e+00   3.9080946e-20
   2.4175941e+00   3.8588648e-20
   2.4796729e+00   3.8102551e-20
   2.5433458e+00   3.7622578e-20
   2.6086536e+00   3.7148651e-20
   2.6756384e+00   3.6680693e-20
   2.7443433e+00   3.6218631e-20
   2.8148124e+00   3.5762389e-20
   2.8870909e+00   3.5311895e-20
   2.9612254e+00   3.4867075e-20
   3.0372636e+00   3.4427858e-20
   3.1152542e+00   3.3994175e-20
   3.1952475e+00   3.3565954e-20
   3.2772948e+00   3.3143128e-20
   3.3614490e+00   3.2725628e-20
   3.4477641e+00   3.2313387e-20
   3.5362955e+00   3.1906339e-20
   3.6271003e+00   3.1504419e-20
   3.7202367e+00   3.1107561e-20
   3.8157647e+00   3.0715703e-20
   3.9137456e+00   3.0328781e-20
   4.0142425e+00   2.9946733e-20
   4.1173199e+00   2.9569497e-20
   4.2230442e+00   2.9197014e-20
   4.3314832e+00   2.8829223e-20
   4.4427067e+00   2.8466064e-20
   4.5567863e+00   2.8107481e-20
   4.6737951e+00   2.7753414e-20
   4.7938085e+00   2.7403808e-20
   4.9169036e+00   2.7058605e-20
   5.0431595e+00   2.6717751e-20
   5.1726574e+00   2.6381191e-20
   5.3054805e+00   2.6048870e-20
   5.4417143e+00   2.5720735e-20
   5.5814462e+00   2.5396734e-20
   5.7247662e+00   2.5076815e-20
   5.8717664e+00   2.4760925e-20
   6.0225412e+00   2.4449015e-20
   6.1771876e+00   2.4141033e-20
   6.3358050e+00   2.3836932e-20
   6.4984954e+00   2.3536661e-20
   6.6653633e+00   2.3240172e-20
   6.8365160e+00   2.2947418e-20
   7.0120636e+00   2.2658352e-20
   7.1921189e+00   2.2372928e-20
   7.3767976e+00   2.2091099e-20
   7.5662185e+00   2.1812820e-20
   7.7605033e+00   2.1538046e-20
   7.9597770e+00   2.1266734e-20
   8.1641676e+00   2.0998840e-20
   8.3738065e+00   2.0734320e-20
   8.5888286e+00   2.0473132e-20
   8.8093719e+00   2.0215234e-20
   9.0355783e+00   1.9960585e-20
   9.2675933e+00   1.9709144e-20
   9.5055659e+00   1.9460870e-20
   9.7496492e+00   1.9215724e-20
   1.0000000e+01   1.8973666e-20

-----------------------------

EXCITATION
N2 -> N2(rot)
 0.2
-----------------------------
   0.0000000e+00   0.0000000e+00
   1.0000000e-05   0.0000000e+00



-----------------------------


xxxxxxxxxxxxxxxxxxxxxxxxxxxxxxxxxxxxxxxxxxxxxxxxxxxxxxxxxxxxxxxxxxxxxxxxxxxxxxxxxxxxxxxxxxxxxxxxxxxxxxxxxxxxxxxxxxxxxxxx