LXCat, www.lxcat.net
Generated on 28 Nov 2014. All rights reserved.

RECOMMENDED REFERENCE FORMAT
- Biagi-v7.1 database, www.lxcat.net, retrieved on November 28, 2014.
Be aware that some databases and solvers can additionally have instructions how to reference corresponding data.
Please check below in the headers of databases.

CROSS SECTION DATA FORMAT
In downloaded files, each collision process is defined by a block consisting of
1st line
Keyword in capitals indicating the type of the collision. Possible collision types are elastic, effective, excitation,
ionization, or attachment (capital letters required, key words are case sensitive), where "elastic" is used to denote
the elastic momentum transfer cross section and where "effective" denotes the total momentum transfer cross section (sum
of elastic momentum transfer and total inelastic cross sections).  The latter is useful for solving the Boltzmann
equation in the 2-term approximation.
2nd line
Name of the target particle species. This name is a character string, freely chosen by the user, e.g. "Ar". Optionally
for excitation processes, the name of the corresponding excited state can be specified on the same line, separated from
the first name either by arrow "->" (dash + greater than) or by double-head arrow "<->" (less than + dash +
greater than), e.g. "Ar -> Ar*" and "Ar <-> Ar*", respectively. In the later case BOLSIG+ will automatically
define the inverse superelastic process, constructing the superelastic cross-section by detailed balancing, and
considering the indicated excited state as the target. In this case, the ratio of statistical weights must be input in
the 3rd line (see below).  Alternatively, superelastic collisions could be defined explicitly as excitation collisions
with a negative electron energy loss with user input cross sections and species name, "Ar*", for example.
3rd line
For elastic and effective collisions, the ratio of the electron mass to the target particle mass. For excitation or
ionization collisions, the electron energy loss (nominally the threshold energy) in eV. For attachment, the 3rd line is
missing. In case of an excitation process where an excited state has been indicated on the 2nd line using double-head
arrow "<->", the 3rd line must specify also ratio of the statistical weights of the final state to the initial state
as the second parameter in 3rd line this is needed by BOLSIG+ to calculate the de-excitation cross-section.
from 4th line (optionally)
User comments and reference information, maximum 100 lines. The only constraint on format is that these comment lines
must not start with a number.
Finally
Table of the cross section as a function of energy. The table starts and ends by a line of dashes "------" (at least 5),
and has otherwise two numbers per line: the energy in eV and the cross section in m2.

xxxxxxxxxxxxxxxxxxxxxxxxxxxxxxxxxxxxxxxxxxxxxxxxxxxxxxxxxxxxxxxxxxxxxxxxxxxxxxxxxxxxxxxxxxxxxxxxxxxxxxxxxxxxxxxxxxxxxxxx
DATABASE:         Biagi-v7.1 (Magboltz version 7.1)
DESCRIPTION:      For the moment, this data base contains cross sections for the rare gases.  The excitation cross
                  sections are grouped into a few effective excitation levels.  For more detailed cross sections with
                  multiple levels, see Biagi 8.9.  
                  
                  These cross sections were compiled for use in a Monte Carlo (or multi-term Boltzmann) code.  
                  For history and detailed notes, see http://consult.cern.ch/writeup/magboltz/
CONTACT:          COPYRIGHT 2004   STEPHEN FRANCIS BIAGI
HOW TO REFERENCE: Cross sections extracted from 
                  PROGRAM MAGBOLTZ, VERSION 7.1 JUNE 2004
xxxxxxxxxxxxxxxxxxxxxxxxxxxxxxxxxxxxxxxxxxxxxxxxxxxxxxxxxxxxxxxxxxxxxxxxxxxxxxxxxxxxxxxxxxxxxxxxxxxxxxxxxxxxxxxxxxxxxxxx

**************************************************************************************************************


ELASTIC
Ar
 1.360000e-5
SPECIES: e / Ar
PROCESS: E + Ar -> E + Ar, Elastic
PARAM.:  m/M = 0.0000136, complete set
COMMENT: From Biagi elastic MOMENTUM-TRANSFER CROSS SECTION.
UPDATED: 2011-01-19 09:34:55
COLUMNS: Energy (eV) | Cross section (m2)
-----------------------------
 0.000000e+0	7.100000e-20
 1.000000e-3	6.298400e-20
 2.000000e-3	5.835000e-20
 5.000000e-3	4.977500e-20
 1.000000e-2	4.113000e-20
 2.000000e-2	3.071300e-20
 5.000000e-2	1.570900e-20
 1.000000e-1	6.062200e-21
 1.092000e-1	5.117000e-21
 1.482000e-1	2.519100e-21
 1.885000e-1	1.330700e-21
 2.303000e-1	9.762900e-22
 2.735000e-1	1.139000e-21
 3.183000e-1	1.628900e-21
 3.646000e-1	2.326700e-21
 4.125000e-1	3.155200e-21
 4.622000e-1	4.064500e-21
 5.136000e-1	5.023100e-21
 5.668000e-1	6.012300e-21
 6.218000e-1	7.023300e-21
 6.788000e-1	8.054600e-21
 7.378000e-1	9.110500e-21
 7.989000e-1	1.020000e-20
 8.621000e-1	1.133700e-20
 9.275000e-1	1.253700e-20
 9.953000e-1	1.382100e-20
 1.065400e+0	1.479100e-20
 1.138000e+0	1.576700e-20
 1.213100e+0	1.677000e-20
 1.290900e+0	1.778100e-20
 1.371400e+0	1.882800e-20
 1.454700e+0	1.991100e-20
 1.541000e+0	2.107400e-20
 1.630300e+0	2.232400e-20
 1.722700e+0	2.358000e-20
 1.818400e+0	2.476000e-20
 1.917400e+0	2.598200e-20
 2.020000e+0	2.729100e-20
 2.126100e+0	2.884100e-20
 2.235900e+0	3.044500e-20
 2.349700e+0	3.210500e-20
 2.467400e+0	3.382400e-20
 2.589200e+0	3.558500e-20
 2.715400e+0	3.740100e-20
 2.845900e+0	3.928100e-20
 2.981100e+0	4.122700e-20
 3.121000e+0	4.331500e-20
 3.265800e+0	4.548700e-20
 3.415700e+0	4.773600e-20
 3.570900e+0	5.006300e-20
 3.731500e+0	5.247300e-20
 3.897800e+0	5.496700e-20
 4.069900e+0	5.775100e-20
 4.248100e+0	6.093800e-20
 4.432500e+0	6.423700e-20
 4.623400e+0	6.765200e-20
 4.821000e+0	7.118700e-20
 5.025600e+0	7.507600e-20
 5.237300e+0	7.901500e-20
 5.456500e+0	8.309200e-20
 5.683400e+0	8.731200e-20
 5.918300e+0	9.168100e-20
 6.161400e+0	9.628400e-20
 6.413100e+0	1.010900e-19
 6.673600e+0	1.060800e-19
 6.943300e+0	1.118000e-19
 7.222400e+0	1.170000e-19
 7.511400e+0	1.222000e-19
 7.810500e+0	1.275900e-19
 8.120100e+0	1.326900e-19
 8.440600e+0	1.372100e-19
 8.772400e+0	1.416500e-19
 9.115800e+0	1.451600e-19
 9.471300e+0	1.487100e-19
 9.839300e+0	1.523900e-19
 1.022020e+1	1.548800e-19
 1.061450e+1	1.564600e-19
 1.100000e+1	1.580000e-19
 1.160000e+1	1.580000e-19
 1.220000e+1	1.571000e-19
 1.280380e+1	1.547800e-19
 1.328890e+1	1.525600e-19
 1.379110e+1	1.495700e-19
 1.431090e+1	1.458200e-19
 1.484890e+1	1.420600e-19
 1.540590e+1	1.373500e-19
 1.598240e+1	1.321600e-19
 1.657920e+1	1.291500e-19
 1.719700e+1	1.225700e-19
 1.783650e+1	1.157400e-19
 1.849840e+1	1.110100e-19
 1.918370e+1	1.069000e-19
 1.989300e+1	1.026400e-19
 2.062720e+1	9.899000e-20
 2.138720e+1	9.534100e-20
 2.217390e+1	9.156500e-20
 2.298830e+1	8.765600e-20
 2.383130e+1	8.361000e-20
 2.470400e+1	7.942100e-20
 2.560730e+1	7.611800e-20
 2.654230e+1	7.321900e-20
 2.751020e+1	7.021800e-20
 2.851210e+1	6.711300e-20
 2.954920e+1	6.389700e-20
 3.062280e+1	6.137900e-20
 3.173410e+1	5.937900e-20
 3.288440e+1	5.730800e-20
 3.407520e+1	5.516500e-20
 3.530780e+1	5.294600e-20
 3.658370e+1	5.064900e-20
 3.790450e+1	4.827200e-20
 3.927170e+1	4.581100e-20
 4.068690e+1	4.384700e-20
 4.215190e+1	4.245600e-20
 4.366840e+1	4.101500e-20
 4.523810e+1	3.952400e-20
 4.686300e+1	3.798000e-20
 4.854500e+1	3.638200e-20
 5.028610e+1	3.480000e-20
 5.208840e+1	3.353800e-20
 5.395410e+1	3.223200e-20
 5.588530e+1	3.088000e-20
 5.788440e+1	2.948100e-20
 5.995370e+1	2.803200e-20
 6.209570e+1	2.674300e-20
 6.431310e+1	2.541200e-20
 6.660830e+1	2.403500e-20
 6.898420e+1	2.260900e-20
 7.144360e+1	2.171100e-20
 7.398940e+1	2.120200e-20
 7.662470e+1	2.067500e-20
 7.935260e+1	2.012900e-20
 8.217640e+1	1.940100e-20
 8.509940e+1	1.859800e-20
 8.812510e+1	1.776600e-20
 9.125710e+1	1.690400e-20
 9.449930e+1	1.601300e-20
 9.785530e+1	1.509000e-20
 1.013293e+2	1.435400e-20
 1.049254e+2	1.395800e-20
 1.086478e+2	1.354900e-20
 1.125011e+2	1.312500e-20
 1.164898e+2	1.268600e-20
 1.206186e+2	1.223200e-20
 1.248925e+2	1.176200e-20
 1.293167e+2	1.127500e-20
 1.338963e+2	1.077100e-20
 1.386368e+2	1.025000e-20
 1.435440e+2	9.710200e-21
 1.486236e+2	9.151400e-21
 1.538817e+2	8.790400e-21
 1.593245e+2	8.496500e-21
 1.649587e+2	8.192200e-21
 1.707908e+2	7.877300e-21
 1.768279e+2	7.551300e-21
 1.830772e+2	7.213800e-21
 1.895461e+2	6.864500e-21
 1.962423e+2	6.502900e-21
 2.031738e+2	6.244500e-21
 2.103489e+2	6.118900e-21
 2.177762e+2	5.988900e-21
 2.254644e+2	5.854400e-21
 2.334229e+2	5.715100e-21
 2.416610e+2	5.570900e-21
 2.501886e+2	5.421700e-21
 2.590160e+2	5.267200e-21
 2.681535e+2	5.107300e-21
 2.776121e+2	4.941800e-21
 2.874032e+2	4.770400e-21
 2.975383e+2	4.593100e-21
 3.080295e+2	4.409500e-21
 3.188895e+2	4.219400e-21
 3.301311e+2	4.022700e-21
 3.417678e+2	3.819100e-21
 3.538134e+2	3.608300e-21
 3.662823e+2	3.390100e-21
 3.791894e+2	3.164200e-21
 3.925501e+2	2.930400e-21
 4.063803e+2	2.789400e-21
 4.355158e+2	2.740800e-21
 4.667351e+2	2.688800e-21
 4.831724e+2	2.661400e-21
 5.001872e+2	2.633000e-21
 5.178000e+2	2.603700e-21
 5.360318e+2	2.573300e-21
 5.549043e+2	2.541800e-21
 5.744399e+2	2.509300e-21
 5.946621e+2	2.475600e-21
 6.155950e+2	2.440700e-21
 6.372635e+2	2.404600e-21
 6.596934e+2	2.367200e-21
 6.829116e+2	2.328500e-21
 7.069458e+2	2.288400e-21
 7.318245e+2	2.247000e-21
 7.575776e+2	2.204000e-21
 7.842356e+2	2.159600e-21
 8.118305e+2	2.113600e-21
 8.403951e+2	2.066000e-21
 8.699636e+2	2.016700e-21
 9.005711e+2	1.965700e-21
 9.322543e+2	1.912900e-21
 9.650509e+2	1.858200e-21
-----------------------------

EXCITATION
Ar -> Ar*(11.55eV)
 1.155000e+1
SPECIES: e / Ar
PROCESS: E + Ar -> E + Ar*(11.55eV), Excitation
PARAM.:  E = 11.55 eV, complete set
COMMENT: Excitation S-LEVELS ,ELOSS= 11.55.
UPDATED: 2010-11-13 12:15:27
COLUMNS: Energy (eV) | Cross section (m2)
-----------------------------
 1.155000e+1	0.000000e+0
 1.156000e+1	4.759000e-26
 1.159000e+1	1.672000e-23
 1.162000e+1	3.403000e-23
 1.166000e+1	5.195000e-23
 1.170000e+1	7.050000e-23
 1.174000e+1	8.970000e-23
 1.178000e+1	1.096000e-22
 1.182000e+1	1.301000e-22
 1.187000e+1	1.514000e-22
 1.191000e+1	1.735000e-22
 1.196000e+1	1.963000e-22
 1.201000e+1	2.199000e-22
 1.206000e+1	2.444000e-22
 1.212000e+1	2.697000e-22
 1.217000e+1	2.959000e-22
 1.223000e+1	3.230000e-22
 1.229000e+1	3.511000e-22
 1.235000e+1	3.802000e-22
 1.241000e+1	4.102000e-22
 1.248000e+1	4.414000e-22
 1.255000e+1	4.736000e-22
 1.262000e+1	5.070000e-22
 1.269000e+1	5.415000e-22
 1.276000e+1	5.773000e-22
 1.284000e+1	6.143000e-22
 1.292000e+1	6.526000e-22
 1.300000e+1	6.949000e-22
 1.309000e+1	7.855000e-22
 1.318000e+1	8.793000e-22
 1.327000e+1	8.891000e-22
 1.337000e+1	8.747000e-22
 1.347000e+1	9.015000e-22
 1.357000e+1	9.493000e-22
 1.368000e+1	9.988000e-22
 1.379000e+1	1.050000e-21
 1.390000e+1	1.103000e-21
 1.402000e+1	1.158000e-21
 1.414000e+1	1.213000e-21
 1.427000e+1	1.269000e-21
 1.440000e+1	1.328000e-21
 1.453000e+1	1.389000e-21
 1.467000e+1	1.452000e-21
 1.482000e+1	1.517000e-21
 1.497000e+1	1.585000e-21
 1.512000e+1	1.654000e-21
 1.528000e+1	1.727000e-21
 1.545000e+1	1.802000e-21
 1.562000e+1	1.879000e-21
 1.580000e+1	1.959000e-21
 1.598000e+1	2.042000e-21
 1.617000e+1	2.057000e-21
 1.637000e+1	2.064000e-21
 1.658000e+1	2.072000e-21
 1.679000e+1	2.080000e-21
 1.701000e+1	2.088000e-21
 1.723000e+1	2.096000e-21
 1.747000e+1	2.105000e-21
 1.771000e+1	2.114000e-21
 1.796000e+1	2.124000e-21
 1.822000e+1	2.133000e-21
 1.849000e+1	2.143000e-21
 1.877000e+1	2.154000e-21
 1.906000e+1	2.165000e-21
 1.936000e+1	2.176000e-21
 1.967000e+1	2.188000e-21
 1.999000e+1	2.200000e-21
 2.032000e+1	2.210000e-21
 2.067000e+1	2.220000e-21
 2.102000e+1	2.231000e-21
 2.139000e+1	2.242000e-21
 2.177000e+1	2.253000e-21
 2.216000e+1	2.265000e-21
 2.257000e+1	2.277000e-21
 2.300000e+1	2.290000e-21
 2.343000e+1	2.303000e-21
 2.389000e+1	2.317000e-21
 2.435000e+1	2.331000e-21
 2.484000e+1	2.345000e-21
 2.534000e+1	2.360000e-21
 2.586000e+1	2.376000e-21
 2.640000e+1	2.392000e-21
 2.696000e+1	2.409000e-21
 2.753000e+1	2.426000e-21
 2.813000e+1	2.444000e-21
 2.875000e+1	2.462000e-21
 2.939000e+1	2.482000e-21
 3.005000e+1	2.502000e-21
 3.073000e+1	2.529000e-21
 3.144000e+1	2.558000e-21
 3.218000e+1	2.587000e-21
 3.294000e+1	2.617000e-21
 3.372000e+1	2.649000e-21
 3.454000e+1	2.682000e-21
 3.538000e+1	2.715000e-21
 3.625000e+1	2.750000e-21
 3.716000e+1	2.786000e-21
 3.809000e+1	2.824000e-21
 3.906000e+1	2.862000e-21
 4.006000e+1	2.903000e-21
 4.110000e+1	2.955000e-21
 4.217000e+1	3.009000e-21
 4.328000e+1	3.064000e-21
 4.443000e+1	3.122000e-21
 4.563000e+1	3.181000e-21
 4.686000e+1	3.243000e-21
 4.813000e+1	3.307000e-21
 4.945000e+1	3.373000e-21
 5.082000e+1	3.375000e-21
 5.224000e+1	3.333000e-21
 5.370000e+1	3.289000e-21
 5.522000e+1	3.243000e-21
 5.679000e+1	3.196000e-21
 5.841000e+1	3.148000e-21
 6.010000e+1	3.098000e-21
 6.184000e+1	3.059000e-21
 6.364000e+1	3.018000e-21
 6.550000e+1	2.976000e-21
 6.744000e+1	2.933000e-21
 6.943000e+1	2.888000e-21
 7.150000e+1	2.841000e-21
 7.365000e+1	2.793000e-21
 7.586000e+1	2.743000e-21
 7.816000e+1	2.691000e-21
 8.053000e+1	2.643000e-21
 8.299000e+1	2.613000e-21
 8.554000e+1	2.581000e-21
 8.817000e+1	2.548000e-21
 9.090000e+1	2.514000e-21
 9.373000e+1	2.478000e-21
 9.665000e+1	2.442000e-21
 9.968000e+1	2.404000e-21
 1.028000e+2	2.366000e-21
 1.060000e+2	2.327000e-21
 1.094000e+2	2.287000e-21
 1.129000e+2	2.245000e-21
 1.165000e+2	2.202000e-21
 1.202000e+2	2.158000e-21
 1.241000e+2	2.111000e-21
 1.280000e+2	2.064000e-21
 1.322000e+2	2.014000e-21
 1.364000e+2	1.963000e-21
 1.409000e+2	1.910000e-21
 1.454000e+2	1.855000e-21
 1.502000e+2	1.799000e-21
 1.551000e+2	1.769000e-21
 1.602000e+2	1.739000e-21
 1.654000e+2	1.707000e-21
 1.709000e+2	1.675000e-21
 1.765000e+2	1.641000e-21
 1.823000e+2	1.606000e-21
 1.884000e+2	1.570000e-21
 1.946000e+2	1.532000e-21
 2.011000e+2	1.496000e-21
 2.078000e+2	1.473000e-21
 2.147000e+2	1.448000e-21
 2.219000e+2	1.423000e-21
 2.293000e+2	1.397000e-21
 2.370000e+2	1.370000e-21
 2.450000e+2	1.343000e-21
 2.532000e+2	1.314000e-21
 2.617000e+2	1.284000e-21
 2.706000e+2	1.253000e-21
 2.797000e+2	1.221000e-21
 2.892000e+2	1.188000e-21
 2.990000e+2	1.154000e-21
 3.091000e+2	1.134000e-21
 3.196000e+2	1.116000e-21
 3.304000e+2	1.097000e-21
 3.417000e+2	1.077000e-21
 3.533000e+2	1.057000e-21
 3.654000e+2	1.036000e-21
 3.778000e+2	1.014000e-21
 3.907000e+2	9.912000e-22
 4.041000e+2	9.678000e-22
 4.179000e+2	9.436000e-22
 4.322000e+2	9.186000e-22
 4.471000e+2	8.926000e-22
 4.624000e+2	8.658000e-22
 4.783000e+2	8.380000e-22
 4.947000e+2	8.092000e-22
 5.117000e+2	7.900000e-22
 5.294000e+2	7.751000e-22
 5.476000e+2	7.596000e-22
 5.665000e+2	7.435000e-22
 5.860000e+2	7.269000e-22
 6.062000e+2	7.097000e-22
 6.271000e+2	6.919000e-22
 6.488000e+2	6.735000e-22
 6.712000e+2	6.544000e-22
 6.945000e+2	6.347000e-22
 7.185000e+2	6.201000e-22
 7.434000e+2	6.069000e-22
 7.691000e+2	5.931000e-22
 7.958000e+2	5.789000e-22
 8.234000e+2	5.642000e-22
 8.519000e+2	5.490000e-22
 8.815000e+2	5.332000e-22
 9.121000e+2	5.169000e-22
 9.438000e+2	5.000000e-22
 9.766000e+2	4.825000e-22
-----------------------------

EXCITATION
Ar -> Ar*(13.00eV)
 1.300000e+1
SPECIES: e / Ar
PROCESS: E + Ar -> E + Ar*(13.00eV), Excitation
PARAM.:  E = 13 eV, complete set
COMMENT: EXC P-LEVELS  ELOSS= 13.0.
UPDATED: 2010-11-13 12:16:37
COLUMNS: Energy (eV) | Cross section (m2)
-----------------------------
 1.300000e+1	0.000000e+0
 1.301000e+1	6.000000e-26
 1.304000e+1	2.109000e-23
 1.307000e+1	4.291000e-23
 1.311000e+1	6.550000e-23
 1.315000e+1	8.889000e-23
 1.319000e+1	1.131000e-22
 1.323000e+1	1.563000e-22
 1.327000e+1	2.082000e-22
 1.332000e+1	2.619000e-22
 1.336000e+1	3.175000e-22
 1.341000e+1	3.675000e-22
 1.346000e+1	3.973000e-22
 1.351000e+1	4.281000e-22
 1.357000e+1	4.601000e-22
 1.362000e+1	4.931000e-22
 1.368000e+1	5.273000e-22
 1.374000e+1	5.627000e-22
 1.380000e+1	5.993000e-22
 1.386000e+1	6.373000e-22
 1.393000e+1	6.765000e-22
 1.400000e+1	7.172000e-22
 1.407000e+1	7.635000e-22
 1.414000e+1	8.117000e-22
 1.421000e+1	8.617000e-22
 1.429000e+1	9.134000e-22
 1.437000e+1	9.670000e-22
 1.445000e+1	1.022000e-21
 1.454000e+1	1.080000e-21
 1.463000e+1	1.139000e-21
 1.472000e+1	1.201000e-21
 1.482000e+1	1.264000e-21
 1.492000e+1	1.330000e-21
 1.502000e+1	1.398000e-21
 1.513000e+1	1.469000e-21
 1.524000e+1	1.542000e-21
 1.535000e+1	1.618000e-21
 1.547000e+1	1.696000e-21
 1.559000e+1	1.777000e-21
 1.572000e+1	1.861000e-21
 1.585000e+1	1.948000e-21
 1.598000e+1	2.037000e-21
 1.612000e+1	2.115000e-21
 1.627000e+1	2.193000e-21
 1.642000e+1	2.273000e-21
 1.657000e+1	2.357000e-21
 1.673000e+1	2.443000e-21
 1.690000e+1	2.533000e-21
 1.707000e+1	2.625000e-21
 1.725000e+1	2.721000e-21
 1.743000e+1	2.820000e-21
 1.762000e+1	2.923000e-21
 1.782000e+1	3.029000e-21
 1.803000e+1	3.139000e-21
 1.824000e+1	3.253000e-21
 1.846000e+1	3.370000e-21
 1.868000e+1	3.492000e-21
 1.892000e+1	3.619000e-21
 1.916000e+1	3.749000e-21
 1.941000e+1	3.885000e-21
 1.967000e+1	4.025000e-21
 1.994000e+1	4.170000e-21
 2.022000e+1	4.227000e-21
 2.051000e+1	4.261000e-21
 2.081000e+1	4.297000e-21
 2.112000e+1	4.334000e-21
 2.144000e+1	4.373000e-21
 2.177000e+1	4.413000e-21
 2.212000e+1	4.454000e-21
 2.247000e+1	4.497000e-21
 2.284000e+1	4.541000e-21
 2.322000e+1	4.586000e-21
 2.361000e+1	4.634000e-21
 2.402000e+1	4.683000e-21
 2.445000e+1	4.733000e-21
 2.488000e+1	4.786000e-21
 2.534000e+1	4.840000e-21
 2.580000e+1	4.896000e-21
 2.629000e+1	4.955000e-21
 2.679000e+1	5.015000e-21
 2.731000e+1	5.077000e-21
 2.785000e+1	5.142000e-21
 2.841000e+1	5.209000e-21
 2.898000e+1	5.278000e-21
 2.958000e+1	5.350000e-21
 3.020000e+1	5.398000e-21
 3.084000e+1	5.392000e-21
 3.150000e+1	5.385000e-21
 3.218000e+1	5.378000e-21
 3.289000e+1	5.371000e-21
 3.363000e+1	5.364000e-21
 3.439000e+1	5.356000e-21
 3.517000e+1	5.348000e-21
 3.599000e+1	5.340000e-21
 3.683000e+1	5.332000e-21
 3.770000e+1	5.323000e-21
 3.861000e+1	5.314000e-21
 3.954000e+1	5.305000e-21
 4.051000e+1	5.285000e-21
 4.151000e+1	5.255000e-21
 4.255000e+1	5.224000e-21
 4.362000e+1	5.191000e-21
 4.473000e+1	5.158000e-21
 4.588000e+1	5.123000e-21
 4.708000e+1	5.088000e-21
 4.831000e+1	5.051000e-21
 4.958000e+1	5.012000e-21
 5.090000e+1	4.964000e-21
 5.227000e+1	4.909000e-21
 5.369000e+1	4.853000e-21
 5.515000e+1	4.794000e-21
 5.667000e+1	4.733000e-21
 5.824000e+1	4.670000e-21
 5.986000e+1	4.605000e-21
 6.155000e+1	4.546000e-21
 6.329000e+1	4.485000e-21
 6.509000e+1	4.422000e-21
 6.695000e+1	4.357000e-21
 6.889000e+1	4.289000e-21
 7.088000e+1	4.219000e-21
 7.295000e+1	4.147000e-21
 7.510000e+1	4.072000e-21
 7.731000e+1	3.994000e-21
 7.961000e+1	3.914000e-21
 8.198000e+1	3.850000e-21
 8.444000e+1	3.789000e-21
 8.699000e+1	3.725000e-21
 8.962000e+1	3.659000e-21
 9.235000e+1	3.591000e-21
 9.518000e+1	3.521000e-21
 9.810000e+1	3.448000e-21
 1.011000e+2	3.382000e-21
 1.043000e+2	3.332000e-21
 1.075000e+2	3.280000e-21
 1.109000e+2	3.226000e-21
 1.143000e+2	3.171000e-21
 1.179000e+2	3.113000e-21
 1.216000e+2	3.054000e-21
 1.255000e+2	2.992000e-21
 1.295000e+2	2.928000e-21
 1.336000e+2	2.862000e-21
 1.379000e+2	2.794000e-21
 1.423000e+2	2.723000e-21
 1.469000e+2	2.650000e-21
 1.516000e+2	2.584000e-21
 1.565000e+2	2.535000e-21
 1.616000e+2	2.484000e-21
 1.669000e+2	2.431000e-21
 1.723000e+2	2.377000e-21
 1.780000e+2	2.320000e-21
 1.838000e+2	2.262000e-21
 1.898000e+2	2.202000e-21
 1.961000e+2	2.139000e-21
 2.025000e+2	2.089000e-21
 2.092000e+2	2.058000e-21
 2.162000e+2	2.027000e-21
 2.233000e+2	1.995000e-21
 2.308000e+2	1.962000e-21
 2.385000e+2	1.927000e-21
 2.464000e+2	1.891000e-21
 2.547000e+2	1.854000e-21
 2.632000e+2	1.816000e-21
 2.720000e+2	1.776000e-21
 2.812000e+2	1.735000e-21
 2.906000e+2	1.692000e-21
 3.004000e+2	1.649000e-21
 3.105000e+2	1.621000e-21
 3.210000e+2	1.592000e-21
 3.319000e+2	1.562000e-21
 3.431000e+2	1.531000e-21
 3.548000e+2	1.499000e-21
 3.668000e+2	1.466000e-21
 3.793000e+2	1.432000e-21
 3.922000e+2	1.396000e-21
 4.056000e+2	1.360000e-21
 4.194000e+2	1.322000e-21
 4.337000e+2	1.282000e-21
 4.485000e+2	1.242000e-21
 4.639000e+2	1.199000e-21
 4.797000e+2	1.156000e-21
 4.962000e+2	1.111000e-21
 5.132000e+2	1.082000e-21
 5.308000e+2	1.058000e-21
 5.490000e+2	1.034000e-21
 5.679000e+2	1.008000e-21
 5.874000e+2	9.820000e-22
 6.077000e+2	9.547000e-22
 6.286000e+2	9.264000e-22
 6.503000e+2	8.971000e-22
 6.727000e+2	8.669000e-22
 6.959000e+2	8.355000e-22
 7.199000e+2	8.147000e-22
 7.448000e+2	7.956000e-22
 7.706000e+2	7.759000e-22
 7.972000e+2	7.555000e-22
 8.248000e+2	7.343000e-22
 8.534000e+2	7.124000e-22
 8.830000e+2	6.897000e-22
 9.136000e+2	6.663000e-22
 9.453000e+2	6.420000e-22
 9.781000e+2	6.168000e-22
-----------------------------

EXCITATION
Ar -> Ar*(14.00eV)
 1.400000e+1
SPECIES: e / Ar
PROCESS: E + Ar -> E + Ar*(14.00eV), Excitation
PARAM.:  E = 14 eV, complete set
COMMENT: EXC D-LEVELS  ELOSS= 14.O.
UPDATED: 2011-01-30 08:43:43
COLUMNS: Energy (eV) | Cross section (m2)
-----------------------------
 1.400000e+1	0.000000e+0
 1.401000e+1	3.350000e-26
 1.404000e+1	1.177000e-23
 1.407000e+1	2.396000e-23
 1.411000e+1	3.657000e-23
 1.415000e+1	4.963000e-23
 1.419000e+1	6.315000e-23
 1.423000e+1	7.714000e-23
 1.427000e+1	9.162000e-23
 1.432000e+1	1.066000e-22
 1.436000e+1	1.221000e-22
 1.441000e+1	1.382000e-22
 1.446000e+1	1.548000e-22
 1.451000e+1	1.720000e-22
 1.457000e+1	1.899000e-22
 1.462000e+1	2.083000e-22
 1.468000e+1	2.274000e-22
 1.474000e+1	2.472000e-22
 1.480000e+1	2.676000e-22
 1.486000e+1	2.888000e-22
 1.493000e+1	3.107000e-22
 1.500000e+1	3.334000e-22
 1.507000e+1	3.569000e-22
 1.514000e+1	3.812000e-22
 1.521000e+1	4.064000e-22
 1.529000e+1	4.324000e-22
 1.537000e+1	4.594000e-22
 1.545000e+1	4.873000e-22
 1.554000e+1	5.162000e-22
 1.563000e+1	5.461000e-22
 1.572000e+1	5.771000e-22
 1.582000e+1	6.092000e-22
 1.592000e+1	6.423000e-22
 1.602000e+1	6.741000e-22
 1.613000e+1	6.962000e-22
 1.624000e+1	7.190000e-22
 1.635000e+1	7.426000e-22
 1.647000e+1	7.670000e-22
 1.659000e+1	7.923000e-22
 1.672000e+1	8.184000e-22
 1.685000e+1	8.455000e-22
 1.698000e+1	8.736000e-22
 1.712000e+1	9.026000e-22
 1.727000e+1	9.327000e-22
 1.742000e+1	9.638000e-22
 1.757000e+1	9.960000e-22
 1.773000e+1	1.029000e-21
 1.790000e+1	1.064000e-21
 1.807000e+1	1.100000e-21
 1.825000e+1	1.136000e-21
 1.843000e+1	1.175000e-21
 1.862000e+1	1.214000e-21
 1.882000e+1	1.255000e-21
 1.903000e+1	1.298000e-21
 1.924000e+1	1.342000e-21
 1.946000e+1	1.387000e-21
 1.968000e+1	1.434000e-21
 1.992000e+1	1.483000e-21
 2.016000e+1	1.523000e-21
 2.041000e+1	1.558000e-21
 2.067000e+1	1.594000e-21
 2.094000e+1	1.632000e-21
 2.122000e+1	1.671000e-21
 2.151000e+1	1.712000e-21
 2.181000e+1	1.753000e-21
 2.212000e+1	1.797000e-21
 2.244000e+1	1.842000e-21
 2.277000e+1	1.888000e-21
 2.312000e+1	1.936000e-21
 2.347000e+1	1.986000e-21
 2.384000e+1	2.037000e-21
 2.422000e+1	2.091000e-21
 2.461000e+1	2.146000e-21
 2.502000e+1	2.203000e-21
 2.545000e+1	2.262000e-21
 2.588000e+1	2.324000e-21
 2.634000e+1	2.387000e-21
 2.680000e+1	2.453000e-21
 2.729000e+1	2.520000e-21
 2.779000e+1	2.591000e-21
 2.831000e+1	2.664000e-21
 2.885000e+1	2.739000e-21
 2.941000e+1	2.817000e-21
 2.998000e+1	2.898000e-21
 3.058000e+1	2.935000e-21
 3.120000e+1	2.972000e-21
 3.184000e+1	3.010000e-21
 3.250000e+1	3.050000e-21
 3.318000e+1	3.091000e-21
 3.389000e+1	3.134000e-21
 3.463000e+1	3.178000e-21
 3.539000e+1	3.223000e-21
 3.617000e+1	3.270000e-21
 3.699000e+1	3.319000e-21
 3.783000e+1	3.370000e-21
 3.870000e+1	3.422000e-21
 3.961000e+1	3.476000e-21
 4.054000e+1	3.522000e-21
 4.151000e+1	3.560000e-21
 4.251000e+1	3.600000e-21
 4.355000e+1	3.642000e-21
 4.462000e+1	3.685000e-21
 4.573000e+1	3.729000e-21
 4.688000e+1	3.775000e-21
 4.808000e+1	3.823000e-21
 4.931000e+1	3.872000e-21
 5.058000e+1	3.912000e-21
 5.190000e+1	3.938000e-21
 5.327000e+1	3.965000e-21
 5.469000e+1	3.994000e-21
 5.615000e+1	4.023000e-21
 5.767000e+1	4.053000e-21
 5.924000e+1	4.085000e-21
 6.086000e+1	4.126000e-21
 6.255000e+1	4.176000e-21
 6.429000e+1	4.229000e-21
 6.609000e+1	4.283000e-21
 6.795000e+1	4.339000e-21
 6.989000e+1	4.397000e-21
 7.188000e+1	4.457000e-21
 7.395000e+1	4.519000e-21
 7.610000e+1	4.583000e-21
 7.831000e+1	4.649000e-21
 8.061000e+1	4.700000e-21
 8.298000e+1	4.700000e-21
 8.544000e+1	4.700000e-21
 8.799000e+1	4.700000e-21
 9.062000e+1	4.700000e-21
 9.335000e+1	4.700000e-21
 9.618000e+1	4.700000e-21
 9.910000e+1	4.700000e-21
 1.021000e+2	4.687000e-21
 1.053000e+2	4.668000e-21
 1.085000e+2	4.649000e-21
 1.119000e+2	4.629000e-21
 1.153000e+2	4.608000e-21
 1.189000e+2	4.586000e-21
 1.226000e+2	4.564000e-21
 1.265000e+2	4.541000e-21
 1.305000e+2	4.517000e-21
 1.346000e+2	4.492000e-21
 1.389000e+2	4.467000e-21
 1.433000e+2	4.440000e-21
 1.479000e+2	4.413000e-21
 1.526000e+2	4.363000e-21
 1.575000e+2	4.294000e-21
 1.626000e+2	4.223000e-21
 1.679000e+2	4.150000e-21
 1.733000e+2	4.073000e-21
 1.790000e+2	3.995000e-21
 1.848000e+2	3.913000e-21
 1.908000e+2	3.828000e-21
 1.971000e+2	3.741000e-21
 2.035000e+2	3.670000e-21
 2.102000e+2	3.613000e-21
 2.172000e+2	3.554000e-21
 2.243000e+2	3.493000e-21
 2.318000e+2	3.430000e-21
 2.395000e+2	3.365000e-21
 2.474000e+2	3.297000e-21
 2.557000e+2	3.227000e-21
 2.642000e+2	3.154000e-21
 2.730000e+2	3.079000e-21
 2.822000e+2	3.002000e-21
 2.916000e+2	2.921000e-21
 3.014000e+2	2.843000e-21
 3.115000e+2	2.795000e-21
 3.220000e+2	2.745000e-21
 3.329000e+2	2.694000e-21
 3.441000e+2	2.640000e-21
 3.558000e+2	2.585000e-21
 3.678000e+2	2.528000e-21
 3.803000e+2	2.469000e-21
 3.932000e+2	2.407000e-21
 4.066000e+2	2.344000e-21
 4.204000e+2	2.278000e-21
 4.347000e+2	2.210000e-21
 4.495000e+2	2.140000e-21
 4.649000e+2	2.067000e-21
 4.807000e+2	1.992000e-21
 4.972000e+2	1.913000e-21
 5.142000e+2	1.872000e-21
 5.318000e+2	1.836000e-21
 5.500000e+2	1.800000e-21
 5.689000e+2	1.762000e-21
 5.884000e+2	1.723000e-21
 6.087000e+2	1.683000e-21
 6.296000e+2	1.641000e-21
 6.513000e+2	1.597000e-21
 6.737000e+2	1.553000e-21
 6.969000e+2	1.506000e-21
 7.209000e+2	1.472000e-21
 7.458000e+2	1.439000e-21
 7.716000e+2	1.405000e-21
 7.982000e+2	1.369000e-21
 8.258000e+2	1.332000e-21
 8.544000e+2	1.294000e-21
 8.840000e+2	1.255000e-21
 9.146000e+2	1.214000e-21
 9.463000e+2	1.172000e-21
 9.791000e+2	1.128000e-21
-----------------------------

IONIZATION
Ar -> Ar^+
 1.570000e+1
SPECIES: e / Ar
PROCESS: E + Ar -> E + E + Ar+, Ionization
PARAM.:  E = 15.7 eV, complete set
UPDATED: 2010-11-13 12:17:45
COLUMNS: Energy (eV) | Cross section (m2)
-----------------------------
 1.570000e+1	0.000000e+0
 1.571000e+1	1.033000e-25
 1.574000e+1	3.631000e-23
 1.577000e+1	7.390000e-23
 1.581000e+1	1.128000e-22
 1.585000e+1	1.531000e-22
 1.589000e+1	1.948000e-22
 1.593000e+1	2.379000e-22
 1.597000e+1	2.826000e-22
 1.602000e+1	3.330000e-22
 1.606000e+1	3.914000e-22
 1.611000e+1	4.518000e-22
 1.616000e+1	5.143000e-22
 1.621000e+1	5.791000e-22
 1.627000e+1	6.461000e-22
 1.632000e+1	7.155000e-22
 1.638000e+1	7.873000e-22
 1.644000e+1	8.616000e-22
 1.650000e+1	9.386000e-22
 1.656000e+1	1.026000e-21
 1.663000e+1	1.116000e-21
 1.670000e+1	1.209000e-21
 1.677000e+1	1.306000e-21
 1.684000e+1	1.406000e-21
 1.691000e+1	1.510000e-21
 1.699000e+1	1.617000e-21
 1.707000e+1	1.733000e-21
 1.715000e+1	1.853000e-21
 1.724000e+1	1.977000e-21
 1.733000e+1	2.106000e-21
 1.742000e+1	2.239000e-21
 1.752000e+1	2.378000e-21
 1.762000e+1	2.526000e-21
 1.772000e+1	2.680000e-21
 1.783000e+1	2.839000e-21
 1.794000e+1	3.004000e-21
 1.805000e+1	3.175000e-21
 1.817000e+1	3.354000e-21
 1.829000e+1	3.540000e-21
 1.842000e+1	3.731000e-21
 1.855000e+1	3.933000e-21
 1.868000e+1	4.146000e-21
 1.882000e+1	4.367000e-21
 1.897000e+1	4.596000e-21
 1.912000e+1	4.837000e-21
 1.927000e+1	5.089000e-21
 1.943000e+1	5.349000e-21
 1.960000e+1	5.618000e-21
 1.977000e+1	5.897000e-21
 1.995000e+1	6.186000e-21
 2.013000e+1	6.498000e-21
 2.032000e+1	6.826000e-21
 2.052000e+1	7.161000e-21
 2.073000e+1	7.464000e-21
 2.094000e+1	7.777000e-21
 2.116000e+1	8.092000e-21
 2.138000e+1	8.414000e-21
 2.162000e+1	8.757000e-21
 2.186000e+1	9.122000e-21
 2.211000e+1	9.468000e-21
 2.237000e+1	9.786000e-21
 2.264000e+1	1.013000e-20
 2.292000e+1	1.050000e-20
 2.321000e+1	1.085000e-20
 2.351000e+1	1.121000e-20
 2.382000e+1	1.158000e-20
 2.414000e+1	1.197000e-20
 2.447000e+1	1.237000e-20
 2.482000e+1	1.278000e-20
 2.517000e+1	1.317000e-20
 2.554000e+1	1.355000e-20
 2.592000e+1	1.400000e-20
 2.631000e+1	1.440000e-20
 2.672000e+1	1.479000e-20
 2.715000e+1	1.519000e-20
 2.758000e+1	1.560000e-20
 2.804000e+1	1.604000e-20
 2.850000e+1	1.650000e-20
 2.899000e+1	1.699000e-20
 2.949000e+1	1.749000e-20
 3.001000e+1	1.801000e-20
 3.055000e+1	1.844000e-20
 3.111000e+1	1.888000e-20
 3.168000e+1	1.935000e-20
 3.228000e+1	1.981000e-20
 3.290000e+1	2.027000e-20
 3.354000e+1	2.075000e-20
 3.420000e+1	2.123000e-20
 3.488000e+1	2.167000e-20
 3.559000e+1	2.214000e-20
 3.633000e+1	2.255000e-20
 3.709000e+1	2.289000e-20
 3.787000e+1	2.324000e-20
 3.869000e+1	2.351000e-20
 3.953000e+1	2.376000e-20
 4.040000e+1	2.398000e-20
 4.131000e+1	2.416000e-20
 4.224000e+1	2.435000e-20
 4.321000e+1	2.454000e-20
 4.421000e+1	2.474000e-20
 4.525000e+1	2.492000e-20
 4.632000e+1	2.501000e-20
 4.743000e+1	2.509000e-20
 4.858000e+1	2.519000e-20
 4.978000e+1	2.528000e-20
 5.101000e+1	2.544000e-20
 5.228000e+1	2.562000e-20
 5.360000e+1	2.580000e-20
 5.497000e+1	2.600000e-20
 5.639000e+1	2.617000e-20
 5.785000e+1	2.634000e-20
 5.937000e+1	2.652000e-20
 6.094000e+1	2.673000e-20
 6.256000e+1	2.696000e-20
 6.425000e+1	2.719000e-20
 6.599000e+1	2.738000e-20
 6.779000e+1	2.752000e-20
 6.965000e+1	2.767000e-20
 7.159000e+1	2.786000e-20
 7.358000e+1	2.806000e-20
 7.565000e+1	2.823000e-20
 7.780000e+1	2.831000e-20
 8.001000e+1	2.840000e-20
 8.231000e+1	2.845000e-20
 8.468000e+1	2.849000e-20
 8.714000e+1	2.854000e-20
 8.969000e+1	2.859000e-20
 9.232000e+1	2.860000e-20
 9.505000e+1	2.860000e-20
 9.788000e+1	2.854000e-20
 1.008000e+2	2.848000e-20
 1.038000e+2	2.842000e-20
 1.070000e+2	2.836000e-20
 1.102000e+2	2.830000e-20
 1.136000e+2	2.823000e-20
 1.170000e+2	2.816000e-20
 1.206000e+2	2.807000e-20
 1.243000e+2	2.788000e-20
 1.282000e+2	2.769000e-20
 1.322000e+2	2.753000e-20
 1.363000e+2	2.741000e-20
 1.406000e+2	2.727000e-20
 1.450000e+2	2.705000e-20
 1.496000e+2	2.682000e-20
 1.543000e+2	2.654000e-20
 1.592000e+2	2.625000e-20
 1.643000e+2	2.598000e-20
 1.696000e+2	2.572000e-20
 1.750000e+2	2.545000e-20
 1.807000e+2	2.516000e-20
 1.865000e+2	2.478000e-20
 1.925000e+2	2.439000e-20
 1.988000e+2	2.398000e-20
 2.052000e+2	2.367000e-20
 2.119000e+2	2.337000e-20
 2.189000e+2	2.307000e-20
 2.260000e+2	2.275000e-20
 2.335000e+2	2.243000e-20
 2.412000e+2	2.209000e-20
 2.491000e+2	2.174000e-20
 2.574000e+2	2.142000e-20
 2.659000e+2	2.110000e-20
 2.747000e+2	2.076000e-20
 2.839000e+2	2.041000e-20
 2.933000e+2	2.005000e-20
 3.031000e+2	1.969000e-20
 3.132000e+2	1.935000e-20
 3.237000e+2	1.899000e-20
 3.346000e+2	1.862000e-20
 3.458000e+2	1.824000e-20
 3.575000e+2	1.791000e-20
 3.695000e+2	1.759000e-20
 3.820000e+2	1.727000e-20
 3.949000e+2	1.693000e-20
 4.083000e+2	1.659000e-20
 4.221000e+2	1.623000e-20
 4.364000e+2	1.585000e-20
 4.512000e+2	1.548000e-20
 4.666000e+2	1.520000e-20
 4.824000e+2	1.492000e-20
 4.989000e+2	1.462000e-20
 5.159000e+2	1.435000e-20
 5.335000e+2	1.406000e-20
 5.517000e+2	1.377000e-20
 5.706000e+2	1.347000e-20
 5.901000e+2	1.316000e-20
 6.104000e+2	1.285000e-20
 6.313000e+2	1.256000e-20
 6.530000e+2	1.226000e-20
 6.754000e+2	1.194000e-20
 6.986000e+2	1.162000e-20
 7.226000e+2	1.137000e-20
 7.475000e+2	1.112000e-20
 7.733000e+2	1.087000e-20
 7.999000e+2	1.060000e-20
 8.275000e+2	1.039000e-20
 8.561000e+2	1.018000e-20
 8.857000e+2	9.958000e-21
 9.163000e+2	9.736000e-21
 9.480000e+2	9.514000e-21
 9.808000e+2	9.285000e-21
-----------------------------
xxxxxxxxxxxxxxxxxxxxxxxxxxxxxxxxxxxxxxxxxxxxxxxxxxxxxxxxxxxxxxxxxxxxxxxxxxxxxxxxxxxxxxxxxxxxxxxxxxxxxxxxxxxxxxxxxxxxxxxx